           M=   1
           NF1=   1
           NF2=   4
           M=   0
           NF1=   2
           NF2=   6
           M=   2
           NF1=   3
           NF2=   0
           M=   3
           NF1=   5
           NF2=   0
   Frequencies     0.50000     1.26922     0.91137     1.82177     1.30583     2.49469
