           M=   1
           NF1=   1
           NF2=   4
           M=   0
           NF1=   2
           NF2=   6
           M=   2
           NF1=   3
           NF2=   0
           M=   3
           NF1=   5
           NF2=   0
   Frequencies     0.88249     2.06956     1.55170     2.89941     2.16178     3.68125
