           M=   1
           NF1=   1
           NF2=   4
           M=   0
           NF1=   2
           NF2=   6
           M=   2
           NF1=   3
           NF2=   0
           M=   3
           NF1=   5
           NF2=   0
   Frequencies     1.00000     1.73915     1.76748     2.51008     2.50530     3.44266
